98 - 62 36
57 - 84 40
23 - 36 8
52 - 77 2
65 - 63 20
5 - 1 14
6 - 7 45
5 - 2 27
82 - 51 1
45 - 46 31
41 - 18 40
1 - 10 32
29 - 1 22
29 - 75 49
8 - 33 10
50 - 51 0
33 - 82 49
12 - 55 44
93 - 70 4
26 - 41 23
49 - 18 38
51 - 2 17
4 - 1 12
32 - 78 48
57 - 50 8
4 - 12 45
95 - 59 40
22 - 35 8
55 - 17 18
41 - 15 41
32 - 16 38
10 - 58 18
53 - 78 47
53 - 52 13
50 - 8 17
4 - 7 7
12 - 10 4
9 - 3 10
63 - 69 25
16 - 27 15
19 - 25 16
11 - 35 41
66 - 67 25
49 - 97 32
51 - 23 50
78 - 10 8
2 - 34 4
72 - 10 1
78 - 96 26
7 - 1 1
30 - 4 9
4 - 7 20
47 - 90 5
9 - 69 47
50 - 1 21
17 - 66 3
17 - 23 22
31 - 28 9
39 - 27 18
91 - 23 23
56 - 52 12
52 - 26 33
5 - 4 41
35 - 27 14
68 - 58 3
29 - 13 50
19 - 87 47
56 - 68 15
8 - 14 35
6 - 31 22
61 - 8 8
20 - 14 29
96 - 88 11
80 - 40 21
51 - 58 37
77 - 36 1
19 - 20 28
76 - 75 43
90 - 78 26
1 - 56 24
15 - 51 6
16 - 19 33
90 - 88 21
4 - 2 18
71 - 63 26
53 - 57 41
34 - 98 39
32 - 84 27
86 - 36 34
55 - 12 28
56 - 53 33
9 - 24 35
50 - 56 46
41 - 65 34
38 - 43 28
9 - 77 0
44 - 75 49
53 - 30 11
79 - 75 36
99 - 58 6
8 - 57 35
3 - 41 25
34 - 45 20
57 - 33 10
51 - 1 46
3 - 80 45
38 - 15 0
29 - 77 17
55 - 58 38
56 - 77 24
54 - 81 25
83 - 26 35
53 - 67 29
81 - 1 50
81 - 93 28
18 - 16 32
87 - 21 21
39 - 62 4
13 - 19 43
84 - 59 32
18 - 15 49
4 - 53 46
3 - 9 27
3 - 1 46
78 - 77 26
78 - 84 0
54 - 30 28
17 - 66 37
17 - 4 50
46 - 12 18
4 - 59 33
93 - 78 9
10 - 1 35
50 - 71 3
16 - 7 1
61 - 74 35
5 - 79 48
16 - 37 37
15 - 38 50
63 - 16 30
50 - 53 36
13 - 4 47
27 - 3 0
78 - 31 23
79 - 32 36
78 - 41 34
93 - 22 36
5 - 11 45
10 - 35 17
8 - 51 34
24 - 12 30
27 - 29 15
2 - 50 11
76 - 78 41
26 - 93 5
78 - 41 17
29 - 27 32
63 - 64 34
20 - 14 17
39 - 17 27
33 - 32 4
44 - 32 38
35 - 20 39
23 - 33 22
90 - 58 8
19 - 18 22
56 - 81 11
7 - 29 49
21 - 64 23
67 - 65 11
7 - 16 49
87 - 80 28
53 - 4 12
52 - 26 33
29 - 31 7
14 - 45 35
22 - 41 31
16 - 2 42
70 - 64 46
8 - 19 7
46 - 21 49
2 - 4 4
10 - 26 19
64 - 73 45
53 - 50 45
71 - 65 42
78 - 90 2
50 - 35 4
94 - 87 6
75 - 1 32
94 - 29 37
8 - 20 40
78 - 55 25
28 - 3 7
87 - 91 3
2 - 26 42
39 - 94 40
9 - 21 25
96 - 47 18
24 - 56 19
3 - 50 36
38 - 26 26
32 - 58 8
4 - 13 49
29 - 4 33
8 - 57 49
14 - 39 13
50 - 67 31
17 - 44 10
1 - 22 15
78 - 3 1
90 - 81 41
87 - 70 13
33 - 86 23
46 - 49 5
90 - 97 20
34 - 83 37
39 - 62 49
41 - 42 16
87 - 65 3
3 - 4 21
97 - 78 45
53 - 13 27
28 - 4 10
50 - 29 40
50 - 1 36
19 - 68 13
86 - 52 32
50 - 6 26
41 - 42 44
53 - 39 42
35 - 6 1
3 - 4 50
80 - 32 5
48 - 30 49
10 - 4 33
56 - 50 25
10 - 27 26
3 - 4 42
32 - 72 36
4 - 19 15
19 - 18 23
19 - 22 5
35 - 50 36
18 - 65 9
46 - 15 8
4 - 18 2
63 - 16 45
88 - 81 50
77 - 41 23
29 - 51 30
53 - 73 18
73 - 71 34
92 - 18 42
35 - 10 18
47 - 41 32
16 - 14 37
11 - 72 30
19 - 20 10
59 - 47 13
80 - 38 32
50 - 84 28
92 - 90 40
1 - 50 50
51 - 16 23
20 - 1 31
16 - 13 23
11 - 33 30
32 - 33 22
19 - 20 2
50 - 29 25
64 - 16 12
32 - 7 41
56 - 53 35
34 - 93 29
60 - 12 48
50 - 10 4
28 - 47 32
19 - 56 34
53 - 10 0
50 - 51 26
83 - 26 25
39 - 97 38
26 - 75 50
77 - 38 23
11 - 56 46
8 - 57 11
62 - 59 40
85 - 33 28
3 - 9 31
56 - 81 8
81 - 60 26
1 - 38 28
32 - 93 7
20 - 8 18
44 - 47 22
27 - 1 15
41 - 28 28
28 - 64 48
3 - 4 7
88 - 91 19
89 - 78 4
4 - 52 47
21 - 77 32
5 - 59 5
7 - 23 48
77 - 28 21
12 - 5 34
47 - 16 46
83 - 84 35
13 - 65 19
50 - 65 24
33 - 56 47
68 - 70 27
14 - 44 47
27 - 2 2
1 - 13 36
26 - 5 49
12 - 53 45
90 - 9 36
45 - 27 18
16 - 17 23
51 - 33 0
53 - 59 2
35 - 29 4
88 - 87 6
23 - 11 13
50 - 1 22
17 - 65 46
41 - 91 39
15 - 21 5
97 - 38 32
30 - 14 14
17 - 53 20
30 - 53 6
66 - 72 8
13 - 4 40
19 - 89 43
7 - 54 2
59 - 13 20
32 - 56 6
26 - 21 20
12 - 59 36
17 - 66 44
9 - 2 32
52 - 55 38
16 - 41 36
79 - 51 13
62 - 59 36
94 - 26 31
27 - 2 19
50 - 38 45
95 - 98 46
10 - 54 14
29 - 20 10
68 - 71 4
56 - 27 10
41 - 22 21
41 - 35 28
65 - 38 19
37 - 10 14
90 - 78 15
52 - 77 50
60 - 36 42
38 - 93 12
10 - 32 49
68 - 1 19
81 - 76 3
7 - 26 7
55 - 92 31
35 - 3 21
55 - 52 22
5 - 27 1
32 - 62 38
40 - 47 14
62 - 13 20
38 - 75 10
79 - 17 21
12 - 19 27
8 - 13 19
9 - 34 41
16 - 65 8
77 - 58 22
2 - 1 11
2 - 57 42
17 - 96 37
1 - 75 44
29 - 34 14
51 - 1 42
58 - 8 39
22 - 3 7
78 - 70 14
15 - 34 39
4 - 65 12
18 - 43 16
63 - 53 18
14 - 8 29
4 - 10 1
5 - 30 44
7 - 13 32
70 - 15 36
40 - 32 23
38 - 27 11
36 - 4 20
83 - 84 18
32 - 16 20
43 - 17 26
79 - 50 3
64 - 47 26
67 - 92 11
70 - 21 31
56 - 5 38
55 - 6 18
15 - 58 14
17 - 65 38
35 - 24 13
7 - 32 48
2 - 65 42
58 - 9 29
7 - 59 13
37 - 1 19
50 - 53 28
10 - 1 11
19 - 14 16
52 - 29 1
40 - 34 40
64 - 50 33
71 - 96 5
10 - 9 49
62 - 11 37
10 - 35 7
30 - 78 3
98 - 92 2
90 - 2 18
65 - 16 42
4 - 39 41
86 - 73 13
58 - 2 38
17 - 65 39
8 - 31 2
23 - 21 46
85 - 60 46
3 - 35 27
19 - 13 49
22 - 70 37
3 - 4 7
57 - 52 6
68 - 49 15
21 - 12 35
16 - 39 3
35 - 10 1
99 - 35 25
7 - 6 14
16 - 90 39
33 - 9 47
50 - 65 11
23 - 38 2
1 - 13 17
53 - 59 29
87 - 86 20
16 - 27 0
6 - 32 43
29 - 81 46
33 - 27 37
81 - 93 36
57 - 69 14
23 - 71 40
30 - 25 41
5 - 4 10
38 - 32 25
23 - 71 39
66 - 16 44
32 - 29 0
53 - 52 29
6 - 50 3
76 - 28 34
60 - 82 3
52 - 81 12
42 - 47 34
20 - 68 50
28 - 62 29
92 - 26 11
14 - 50 3
27 - 39 18
4 - 27 20
84 - 57 2
38 - 47 20
39 - 13 33
96 - 51 12
87 - 7 20
32 - 31 26
85 - 77 44
32 - 87 24
73 - 80 16
1 - 7 34
79 - 27 39
69 - 32 38
16 - 62 37
1 - 53 28
41 - 64 9
19 - 18 17
76 - 87 43
10 - 50 10
57 - 63 29
12 - 10 5
32 - 33 48
56 - 79 47
68 - 59 21
67 - 16 17
22 - 35 20
81 - 52 44
63 - 2 5
24 - 9 31
64 - 1 13
85 - 87 29
87 - 62 49
70 - 50 38
59 - 78 22
34 - 7 11
13 - 1 45
12 - 16 18
41 - 18 26
65 - 19 2
35 - 7 15
56 - 51 27
7 - 4 6
13 - 73 25
13 - 95 21
40 - 43 27
34 - 10 9
83 - 55 17
47 - 26 16
50 - 52 4
33 - 27 47
45 - 13 26
37 - 38 42
58 - 73 49
46 - 73 12
4 - 73 19
95 - 94 27
84 - 59 25
26 - 33 49
13 - 58 29
35 - 50 30
26 - 1 23
10 - 17 21
11 - 16 7
50 - 53 34
26 - 1 31
13 - 15 39
63 - 13 50
16 - 4 21
26 - 88 49
10 - 38 48
81 - 78 49
42 - 27 4
1 - 7 18
40 - 16 21
4 - 32 17
7 - 57 12
43 - 76 1
37 - 34 35
17 - 52 20
88 - 75 40
26 - 76 40
75 - 26 10
49 - 28 9
68 - 79 41
39 - 19 5
68 - 20 36
35 - 47 27
10 - 9 27
21 - 75 37
38 - 44 36
6 - 4 0
78 - 98 14
18 - 67 35
22 - 10 29
32 - 34 50
6 - 12 40
2 - 5 35
14 - 73 26
14 - 41 44
92 - 43 12
71 - 72 8
50 - 51 27
49 - 6 39
8 - 76 4
71 - 28 39
61 - 52 37
68 - 77 6
14 - 94 7
73 - 34 29
28 - 13 19
52 - 51 24
96 - 78 44
90 - 29 19
44 - 22 40
2 - 7 7
80 - 81 1
32 - 53 34
10 - 60 23
65 - 53 17
67 - 12 30
71 - 66 40
38 - 48 35
21 - 56 33
63 - 76 47
70 - 83 25
21 - 20 36
78 - 35 33
58 - 62 12
87 - 33 36
65 - 14 25
16 - 41 16
80 - 78 9
44 - 4 48
1 - 40 15
7 - 4 50
68 - 93 38
4 - 5 19
16 - 42 19
20 - 8 3
76 - 7 20
95 - 71 3
44 - 34 10
30 - 5 20
51 - 19 40
71 - 41 44
51 - 54 9
4 - 38 25
21 - 69 47
10 - 6 32
24 - 71 50
86 - 67 8
99 - 94 25
45 - 27 31
35 - 10 30
15 - 13 30
58 - 93 47
64 - 65 36
38 - 26 24
32 - 37 45
9 - 21 9
23 - 8 49
7 - 42 5
44 - 29 39
2 - 13 12
75 - 50 38
1 - 75 0
10 - 9 31
94 - 26 50
13 - 16 1
10 - 8 34
52 - 1 36
3 - 50 14
66 - 63 17
56 - 21 40
1 - 7 44
68 - 91 14
7 - 22 12
2 - 81 3
13 - 10 22
93 - 70 22
2 - 4 0
10 - 68 28
43 - 9 29
57 - 7 17
32 - 31 49
1 - 13 14
35 - 10 34
10 - 59 24
22 - 19 20
29 - 30 3
56 - 75 36
26 - 29 11
7 - 33 32
60 - 63 5
4 - 29 9
4 - 16 7
54 - 11 45
38 - 39 23
36 - 93 34
74 - 93 43
13 - 60 26
9 - 72 46
75 - 62 46
61 - 71 29
35 - 13 33
53 - 58 27
34 - 30 41
30 - 76 11
6 - 38 7
97 - 87 35
2 - 8 25
78 - 64 50
8 - 62 33
14 - 29 46
38 - 26 20
9 - 4 39
13 - 51 37
29 - 56 19
3 - 70 21
4 - 8 30
72 - 95 42
34 - 28 29
26 - 76 41
7 - 27 0
15 - 62 48
63 - 59 15
75 - 30 10
3 - 11 20
8 - 20 30
65 - 56 35
89 - 87 2
57 - 11 5
69 - 67 10
38 - 31 8
17 - 26 50
36 - 33 2
19 - 6 27
68 - 23 50
21 - 64 25
86 - 84 37
7 - 4 48
56 - 30 23
1 - 7 43
64 - 16 29
3 - 13 28
31 - 78 7
65 - 71 17
59 - 51 12
41 - 38 24
29 - 76 3
57 - 8 17
53 - 64 6
85 - 76 34
17 - 29 29
18 - 87 41
69 - 19 39
16 - 41 32
56 - 50 29
57 - 8 44
29 - 6 31
23 - 68 38
87 - 75 46
10 - 8 36
59 - 81 3
29 - 21 20
4 - 7 0
47 - 38 36
53 - 3 9
10 - 3 21
1 - 62 39
62 - 65 14
19 - 29 13
44 - 81 30
6 - 40 2
89 - 58 26
51 - 89 22
77 - 26 6
57 - 83 33
63 - 89 41
33 - 5 10
53 - 5 20
79 - 56 37
93 - 53 39
29 - 71 39
81 - 77 48
19 - 18 38
50 - 9 16
34 - 29 19
29 - 4 20
94 - 96 28
14 - 15 31
32 - 14 15
93 - 88 45
12 - 18 8
3 - 53 25
13 - 41 26
26 - 8 27
5 - 4 7
16 - 57 28
40 - 26 47
62 - 74 31
19 - 62 30
12 - 6 47
50 - 53 50
80 - 53 18
90 - 65 24
65 - 32 47
9 - 10 0
5 - 11 49
31 - 47 42
35 - 39 5
58 - 56 3
54 - 60 0
8 - 32 48
22 - 47 49
7 - 13 32
57 - 68 9
67 - 48 6
38 - 18 17
19 - 10 37
44 - 42 14
7 - 9 24
69 - 72 9
13 - 68 35
1 - 62 26
35 - 26 36
95 - 34 15
12 - 58 27
83 - 34 18
16 - 53 43
1 - 3 38
61 - 73 37
35 - 4 42
47 - 33 38
3 - 27 1
57 - 2 49
13 - 44 39
76 - 27 30
76 - 75 32
4 - 53 1
1 - 26 10
13 - 1 35
72 - 16 8
35 - 44 0
9 - 52 26
20 - 47 11
55 - 86 2
87 - 62 2
87 - 49 46
82 - 39 13
2 - 51 38
1 - 5 41
8 - 30 19
4 - 27 23
78 - 53 4
77 - 50 8
29 - 7 12
40 - 1 2
51 - 58 46
83 - 89 43
18 - 5 34
83 - 10 0
34 - 26 26
1 - 32 12
3 - 56 16
14 - 16 7
89 - 90 16
63 - 65 24
53 - 71 1
32 - 13 14
28 - 31 1
32 - 81 3
18 - 43 16
12 - 47 37
68 - 13 5
31 - 55 28
40 - 91 38
26 - 3 40
97 - 50 31
41 - 38 44
13 - 51 41
95 - 74 16
16 - 7 41
30 - 81 1
56 - 64 7
79 - 35 4
91 - 51 48
6 - 46 26
58 - 71 3
19 - 41 44
4 - 16 5
32 - 82 17
62 - 50 40
71 - 38 7
40 - 89 19
9 - 25 45
13 - 19 5
33 - 7 31
26 - 41 21
87 - 97 1
50 - 32 1
49 - 4 25
57 - 59 45
56 - 59 21
35 - 75 0
4 - 51 44
77 - 29 4
54 - 12 27
4 - 7 27
35 - 4 46
68 - 10 44
51 - 57 48
6 - 31 12
8 - 4 12
21 - 44 30
53 - 21 42
62 - 63 7
65 - 3 9
26 - 29 12
32 - 29 19
53 - 64 25
71 - 75 20
8 - 2 43
19 - 31 9
7 - 53 34
41 - 83 9
17 - 19 14
87 - 90 21
